0.729072854,0.043281466,0.020026945,0.178928619,0.028690116
0.724974722,0.043073812,0.019615774,0.182305359,0.030030334
0.720666931,0.043444088,0.019195896,0.18614796,0.030545125
0.71636375,0.044210065,0.018598933,0.19005917,0.030768082
0.712041082,0.045056738,0.017986591,0.193943556,0.030972032
0.707728303,0.045889789,0.017378328,0.197824963,0.031178617
0.703465662,0.046602798,0.016794726,0.201726992,0.031409823
0.699209964,0.047314642,0.016212133,0.205623599,0.031639662
0.181161155,0.339815707,0.384460663,0.037437559,0.057124916
0.181011147,0.339580746,0.384285599,0.038103333,0.057019175
0.180963723,0.339290589,0.384066795,0.038737861,0.056941032
0.180852858,0.339065312,0.383877437,0.039363195,0.056841198
0.180859138,0.338870009,0.383635516,0.039902621,0.056732716
0.180726804,0.338647003,0.383443585,0.040497377,0.056685231
0.180642095,0.338529305,0.383235231,0.040989746,0.056603622
0.180533071,0.338407605,0.38306412,0.041470313,0.05652489
0.161272005,0.527872421,0.060240394,0.193639977,0.056975203
0.158723404,0.526241135,0.060851064,0.197588652,0.056595745
0.157317707,0.525069704,0.060724918,0.200604886,0.056282784
0.156568998,0.524291115,0.060586011,0.202504726,0.056049149
0.156610009,0.522710104,0.060434372,0.204485364,0.055760151
0.155789573,0.522431054,0.060304118,0.205940688,0.055534567
0.155342556,0.522026536,0.060248359,0.206903064,0.055479484
0.153080479,0.523445608,0.059958487,0.20832154,0.055193886
0.174976,0.458304,0.076672,0.240704,0.049344
0.171695219,0.456277167,0.077282025,0.245908975,0.048836615
0.169860738,0.454835825,0.077104893,0.249776415,0.048422129
0.16886021,0.45387171,0.076923077,0.252172246,0.048172757
0.167837527,0.452612083,0.076893601,0.254821816,0.047834973
0.166836995,0.45222279,0.076711804,0.256706694,0.047521717
0.166230283,0.451689124,0.076697107,0.257934734,0.047448752
0.163338225,0.45351879,0.076309577,0.25974606,0.047087348
0.122230294,0.725572103,0.013621504,0.060116237,0.078459862
0.121685434,0.725208863,0.014166364,0.060479477,0.078459862
0.121663338,0.724714,0.014163792,0.061013256,0.078445615
0.121503814,0.724845623,0.014166364,0.061024337,0.078459862
0.124841457,0.721869904,0.013770611,0.061242979,0.07827505
0.124479072,0.721688712,0.013770611,0.061786556,0.07827505
0.124320406,0.7218195,0.013591881,0.061978978,0.078289235
0.124140427,0.721679334,0.013572204,0.062432139,0.078175896
0.405575376,0.05127895,0.012819738,0.2720566,0.258269335
0.402978749,0.051038324,0.012532542,0.277229521,0.256220863
0.400994,0.050790957,0.012061337,0.281532214,0.254621492
0.3995755,0.050576107,0.010976349,0.286294724,0.25257732
0.39908953,0.050318665,0.010743551,0.290622155,0.2492261
0.39846883,0.050188358,0.010633127,0.293109734,0.247599951
0.398552488,0.050115558,0.010400195,0.294611361,0.246320399
0.398783085,0.050015211,0.010222087,0.296379678,0.244599939
0.341877934,0.01971831,0.015586854,0.344131455,0.278685446
0.339038841,0.019467695,0.015329634,0.349572087,0.276591743
0.336943215,0.019116678,0.01478482,0.35464733,0.274507957
0.335625471,0.018933685,0.013281839,0.360399397,0.271759608
0.334842056,0.018576143,0.013107025,0.365205092,0.268269684
0.334088549,0.018502785,0.012933069,0.368073256,0.266402341
0.33408962,0.018434487,0.012667801,0.369824163,0.264983929
0.333932457,0.018352095,0.012486993,0.372055624,0.263172831
0.520985556,0.108411215,0.007816483,0.141546304,0.221240442
0.518789322,0.108144873,0.007311682,0.146233634,0.21952049
0.516842463,0.108029942,0.007315413,0.149200408,0.218611773
0.515151515,0.107763023,0.006639428,0.152536602,0.217909431
0.515167007,0.107532379,0.006475801,0.15593047,0.214894342
0.514748508,0.10741688,0.006479113,0.15771526,0.213640239
0.514748508,0.107246377,0.00630861,0.159079284,0.212617221
0.515513126,0.10705762,0.006307535,0.160075009,0.21104671
0.395237235,0.279019336,0.169487782,0.102969701,0.053285947
0.394708621,0.278691093,0.169112065,0.104698941,0.052789281
0.395167698,0.278003836,0.168404241,0.106180627,0.052243597
0.394836125,0.27777198,0.167908201,0.107431548,0.052052144
0.394557113,0.277725358,0.16751051,0.108408048,0.051798971
0.393853076,0.277591852,0.167164179,0.109845122,0.05154577
0.393206204,0.277311566,0.166811953,0.11131911,0.051351167
0.392756609,0.277018155,0.166202862,0.112867279,0.051155096
0.466609681,0.169248851,0.172774869,0.145047548,0.046319051
0.464132991,0.169072055,0.172493051,0.147423562,0.046878341
0.467877761,0.167205127,0.170541815,0.147767597,0.046607701
0.467019868,0.167099338,0.170225166,0.149139073,0.046516556
0.466631328,0.167081898,0.169361251,0.150649351,0.046276173
0.464989117,0.167064819,0.16865743,0.153102936,0.046185698
0.464192812,0.166958645,0.167542602,0.155226416,0.046079524
0.463179117,0.166489813,0.165959253,0.157788625,0.046583192
0.464330895,0.094109235,0.061492767,0.211099499,0.168967604
0.463927745,0.094008151,0.061240225,0.216213239,0.16461064
0.461779242,0.093465129,0.060845689,0.224052718,0.159857221
0.460468441,0.092863426,0.060754344,0.227402683,0.158511106
0.460603728,0.092703579,0.060482762,0.228899764,0.157310167
0.459452025,0.092484595,0.060299296,0.231899208,0.155864877
0.458853966,0.092310233,0.060053944,0.233610392,0.155171465
0.459103919,0.092140026,0.059775429,0.234918538,0.154062087
0.292382793,0.342825181,0.201769552,0.106274789,0.056747686
0.290831383,0.342423934,0.201180421,0.109087209,0.056477053
0.289803402,0.342365285,0.200977895,0.110726291,0.056127126
0.289192218,0.341957828,0.200061118,0.112763573,0.056025262
0.290052996,0.341928251,0.198124745,0.114044028,0.05584998
0.289183673,0.341836735,0.197959184,0.115204082,0.055816327
0.288716588,0.341562946,0.197306672,0.116710875,0.055702918
0.288059549,0.341286836,0.197002141,0.118078923,0.05557255
0.629211392,0.119252963,0.061798101,0.151082708,0.038654837
0.626971315,0.119086055,0.061467776,0.153048553,0.039426301
0.626475339,0.119020996,0.061125606,0.154180644,0.039197416
0.625582696,0.118838958,0.060849027,0.155696439,0.03903288
0.624587818,0.118957258,0.060474087,0.156971318,0.039009519
0.623411413,0.118863693,0.060054822,0.158983304,0.038686768
0.620943126,0.118731701,0.0598642,0.162274964,0.038186009
0.619797175,0.118335096,0.058794251,0.165432713,0.037640764
0.630088602,0.122066571,0.076269157,0.129909004,0.041666667
0.628953043,0.122005271,0.075826545,0.131588404,0.041626737
0.629090255,0.121598945,0.074553518,0.13340525,0.041352032
0.628201284,0.121333893,0.073891921,0.135188628,0.041384274
0.627335536,0.121357765,0.072814659,0.137278462,0.041213578
0.626398076,0.121226699,0.072098617,0.139206254,0.041070355
0.62562346,0.120365363,0.071269755,0.141938585,0.040802836
0.623768917,0.120165746,0.070321883,0.144367043,0.041376411
0.465844475,0.146918703,0.184724143,0.144844014,0.057668665
0.465708135,0.146816854,0.183799785,0.146701522,0.056973704
0.465738676,0.146658463,0.18368838,0.14761978,0.056294701
0.465013456,0.146443676,0.183660131,0.14863514,0.056247597
0.465028646,0.146383666,0.183335256,0.149613566,0.055638866
0.463785406,0.146128387,0.18322814,0.151285406,0.05557266
0.462947287,0.145863794,0.182993459,0.152904963,0.055290496
0.462168397,0.14532872,0.182083814,0.155517109,0.054901961
0.277369907,0.333703106,0.3265833,0.03565954,0.026684147
0.279033657,0.333501381,0.325193087,0.036237875,0.026033999
0.280800097,0.333145139,0.323406057,0.03665766,0.025991047
0.281963378,0.333064451,0.321973058,0.037045253,0.02595386
0.2819194,0.332990439,0.321735447,0.037415789,0.025938925
0.281995924,0.332902887,0.321260669,0.037953229,0.02588729
0.281995924,0.332842356,0.320998366,0.038316418,0.025846936
0.282130966,0.332801937,0.320532741,0.038744829,0.025789527
0.10868158,0.634395454,0.21570884,0.022638999,0.018575128
0.108506086,0.633542494,0.216275014,0.023139575,0.018536831
0.108255858,0.633350717,0.21640382,0.023557338,0.018432268
0.10807554,0.633309353,0.216276978,0.024028777,0.018309353
0.108141166,0.633269777,0.21608447,0.024337159,0.018167428
0.108165506,0.633335133,0.21589907,0.024620701,0.017979591
0.108006912,0.633244528,0.215761809,0.024985599,0.018001152
0.107994743,0.633206718,0.215665449,0.025202974,0.017930116
0.660177386,0.024320857,0.015451554,0.17878061,0.121269593
0.659142841,0.024187706,0.015326311,0.180348883,0.12099426
0.658088235,0.024175579,0.015095811,0.181985294,0.12065508
0.657484697,0.023984418,0.014858097,0.183361157,0.12031163
0.656780368,0.023816148,0.014579044,0.184686439,0.120138
0.655415925,0.023632117,0.014346085,0.186888345,0.119717527
0.654222222,0.023444444,0.014166667,0.188944444,0.119222222
0.652924204,0.023193874,0.013816447,0.191377206,0.11868827
0.62557924,0.084337349,0.019925857,0.198679333,0.071478221
0.62230466,0.083120798,0.019591931,0.203570601,0.07141201
0.625476383,0.077838088,0.019055318,0.206952304,0.070677907
0.623975055,0.075990299,0.018477884,0.210994341,0.070562421
0.622024497,0.075456436,0.018257453,0.214005084,0.070256529
0.620546043,0.074155484,0.017931513,0.217376215,0.069990745
0.617483811,0.072849214,0.017460685,0.22259482,0.069611471
0.615242494,0.072170901,0.016512702,0.226905312,0.069168591
0.731552816,0.039034412,0.013097072,0.147406266,0.068909433
0.729676536,0.038507616,0.012921444,0.150350847,0.068543556
0.728945567,0.038343033,0.012838069,0.151403629,0.068469702
0.727895232,0.038175126,0.012667979,0.152871694,0.068389968
0.727179312,0.037934578,0.01241651,0.154307244,0.068162357
0.72608137,0.037687366,0.012077088,0.15640257,0.067751606
0.725023543,0.037411181,0.011899666,0.158034415,0.067631196
0.724580623,0.037144813,0.011554262,0.159619993,0.067100308
0.287283923,0.344061876,0.290720446,0.057149851,0.020783904
0.287029234,0.343890806,0.290612214,0.057652559,0.020815187
0.287106846,0.343800182,0.29025726,0.058106078,0.020729634
0.287153617,0.343695979,0.289701886,0.058784462,0.020664057
0.28708887,0.343619828,0.289242296,0.059490152,0.020558854
0.286847613,0.343544951,0.2888274,0.060298665,0.020481371
0.287023549,0.343492917,0.288456733,0.060655776,0.020371025
0.286932166,0.343458539,0.288271296,0.061005856,0.020332142
0.181799294,0.433721172,0.261790983,0.09702888,0.025659672
0.18207312,0.431969256,0.261528874,0.098774408,0.025654342
0.182422605,0.431747351,0.260544359,0.099626013,0.025659672
0.181884284,0.431183131,0.258959177,0.102524151,0.025449257
0.181034483,0.430722892,0.258516826,0.104383049,0.02534275
0.180496417,0.430158895,0.257243743,0.10686468,0.025236265
0.180911829,0.429847336,0.256412919,0.107695503,0.025132413
0.180533915,0.429625013,0.255946816,0.108860497,0.025033759
0.297356828,0.24108454,0.379274177,0.054279421,0.028005035
0.296278801,0.241011914,0.379940167,0.055161917,0.027607201
0.296315734,0.2408943,0.379447885,0.055841293,0.027500787
0.296461571,0.240760185,0.37898992,0.05648887,0.027299454
0.296403255,0.240640588,0.378734576,0.057022841,0.02719874
0.296202931,0.240586104,0.378709101,0.057402447,0.027099417
0.29637605,0.240546218,0.378466387,0.057615546,0.026995798
0.296142527,0.240435148,0.378442296,0.058124869,0.026855161
0.202180028,0.41209564,0.306786217,0.068917018,0.010021097
0.202108963,0.411775044,0.306502636,0.069771529,0.009841828
0.202355837,0.411744023,0.306082982,0.070147679,0.00966948
0.201760563,0.411795775,0.305633803,0.071126761,0.009683099
0.201655513,0.411588588,0.304860867,0.072208524,0.009686509
0.201550388,0.411557435,0.304087385,0.07311487,0.009689922
0.201621431,0.41152626,0.303842087,0.073493127,0.009517096
0.201092704,0.41152626,0.303489602,0.074374339,0.009517096
0.281023034,0.387321021,0.255084042,0.061579166,0.014992737
0.280740894,0.387257445,0.255058628,0.061948739,0.014994293
0.280672618,0.387222338,0.254774756,0.062383226,0.014947062
0.280301064,0.387126914,0.2546068,0.063067739,0.014897482
0.280039464,0.38711185,0.254180081,0.063817634,0.014850971
0.279488911,0.387056563,0.253830572,0.064769127,0.014854828
0.279368213,0.38707331,0.253805788,0.064945186,0.014807502
0.279203908,0.387081688,0.25379339,0.065111203,0.014809811
0.236959877,0.467438272,0.226080247,0.055169753,0.014351852
0.237014741,0.467469322,0.225746701,0.05549124,0.014277996
0.237069631,0.467577582,0.225335804,0.05573568,0.014281303
0.236874614,0.467495368,0.22490735,0.05643916,0.014283508
0.237083945,0.467371998,0.224264422,0.056992818,0.014286818
0.237307781,0.467351828,0.223321227,0.057800788,0.014218376
0.237267177,0.467424067,0.222969318,0.058118865,0.014220573
0.237381155,0.467419031,0.222694597,0.058282446,0.014222772
0.407730331,0.224564053,0.28751888,0.051421118,0.028765619
0.407633693,0.224205396,0.2871559,0.052310016,0.028694996
0.407661678,0.224083482,0.286763696,0.052862831,0.028628313
0.40789564,0.223686921,0.286096807,0.053621696,0.028698936
0.408007692,0.223404986,0.285419957,0.054803928,0.028363437
0.407600852,0.223214899,0.285341214,0.05552883,0.028314205
0.407310705,0.223031469,0.284938848,0.055929641,0.028789336
0.40725474,0.222932124,0.284762297,0.056334158,0.02871668
0.254817306,0.36038902,0.31662425,0.051127068,0.017042356
0.254660362,0.360416477,0.316449941,0.051377648,0.017095572
0.254718268,0.360361999,0.31597617,0.051935058,0.017008504
0.254901961,0.360129202,0.315272281,0.052636368,0.017060188
0.255074179,0.360016383,0.314690088,0.053199235,0.017020115
0.254871608,0.359907121,0.314378073,0.053860863,0.016982335
0.25506626,0.359761373,0.313721026,0.054556218,0.016895123
0.254679601,0.3597486,0.31347634,0.055062167,0.017033292
0.433059173,0.286783185,0.122458305,0.107950651,0.049748686
0.432095945,0.286464877,0.122272987,0.108452313,0.050713878
0.43206351,0.286424125,0.122165743,0.109029642,0.05031698
0.432586837,0.286334552,0.121343693,0.109632084,0.050102834
0.43238302,0.286236645,0.120893561,0.110438211,0.050048563
0.431868822,0.286122379,0.12049363,0.111695138,0.049820031
0.43326477,0.286081591,0.119929151,0.111815792,0.048908696
0.43309517,0.286081738,0.119862818,0.112146328,0.048813947
0.269808801,0.266513253,0.411971931,0.032785022,0.018920992
0.269733477,0.266522703,0.411831562,0.033073819,0.018838438
0.269836308,0.266511311,0.411589178,0.03327839,0.018784813
0.270049751,0.26652452,0.411172708,0.033546553,0.018706468
0.27017494,0.266533921,0.410723937,0.034020765,0.018546437
0.270207984,0.266537685,0.410333741,0.03448374,0.018436851
0.270411793,0.26654145,0.409914909,0.034918467,0.018213381
0.270486437,0.26650158,0.409757208,0.035152136,0.018102639
0.270178178,0.400404628,0.26016895,0.057428835,0.011819408
0.270074547,0.400212993,0.260028399,0.057791977,0.011892084
0.2703221,0.400049718,0.259810363,0.057956604,0.011861217
0.270367214,0.399992897,0.259357909,0.058420342,0.011861638
0.270016703,0.400049753,0.259213192,0.058886243,0.011834109
0.26964654,0.400149349,0.258872057,0.059526349,0.011805704
0.269833932,0.400128018,0.258454536,0.059812951,0.011770563
0.270050148,0.40011381,0.258100082,0.059963723,0.011772237
0.27259902,0.407822805,0.256833492,0.047296582,0.015448101
0.272457941,0.407752266,0.256692414,0.047649279,0.015448101
0.27246111,0.407633426,0.256340612,0.048220396,0.015344457
0.272464279,0.407549832,0.255847592,0.048862233,0.015276063
0.272531507,0.407632294,0.255198221,0.04956402,0.015073958
0.272245763,0.407521186,0.254766949,0.05045904,0.015007062
0.272110766,0.407495055,0.254627013,0.050755863,0.015011303
0.272007913,0.40751731,0.254557016,0.050939664,0.014978098
0.096790389,0.245323004,0.623062458,0.012582701,0.022241447
0.096785634,0.245289061,0.6228194,0.012866594,0.022239311
0.096810216,0.245199031,0.62263112,0.013099906,0.022259727
0.09679266,0.245134695,0.622492894,0.013308253,0.022271499
0.096926264,0.245048213,0.62230213,0.013479425,0.022243967
0.097266889,0.244884813,0.621949609,0.01365572,0.022242969
0.097348882,0.244861557,0.621728254,0.013795482,0.022265826
0.097566476,0.244793361,0.621378643,0.013993973,0.022267546
0.339729979,0.222186611,0.357637915,0.048876247,0.031569248
0.339841244,0.221977229,0.357160038,0.049550994,0.031470494
0.339833875,0.221700574,0.356968019,0.050078247,0.031419285
0.338599453,0.221579032,0.357372568,0.051053224,0.031395723
0.337905237,0.221301585,0.357211809,0.052208189,0.03137318
0.338309258,0.221140305,0.355932885,0.053273247,0.031344305
0.338176111,0.22098358,0.355280103,0.05408886,0.031471346
0.337909102,0.220764059,0.354736122,0.055110503,0.031480214
0.157695522,0.045347294,0.740180898,0.028830556,0.027945731
0.157437915,0.045266781,0.739980329,0.029382837,0.027932137
0.15715445,0.045245531,0.739813608,0.029876804,0.027909607
0.156956297,0.045227614,0.739480091,0.030397678,0.027938319
0.157099995,0.045201908,0.738994639,0.030815012,0.027888446
0.157054672,0.045153833,0.738668503,0.03123386,0.027889132
0.156820306,0.045132569,0.738452457,0.031728073,0.027866595
0.156601314,0.045115741,0.737964626,0.032496126,0.027822194
0.059728507,0.045701357,0.655656109,0.146153846,0.092760181
0.05893019,0.045330916,0.65049864,0.150951949,0.094288305
0.05893019,0.044424297,0.647778785,0.154578422,0.094288305
0.058583106,0.044050863,0.643505904,0.159854678,0.09400545
0.056766576,0.044050863,0.642143506,0.163487738,0.093551317
0.055454545,0.043636364,0.64,0.164545455,0.096363636
0.048138056,0.043142598,0.632152589,0.164850136,0.111716621
0.048138056,0.043142598,0.629881926,0.167120799,0.111716621
0.169611904,0.317538709,0.469398753,0.022964006,0.020486628
0.169719199,0.317455338,0.469068475,0.023286118,0.02047087
0.169624469,0.317318831,0.468890784,0.023555155,0.020610761
0.169679854,0.3172335,0.468705496,0.023783662,0.020597488
0.170170992,0.316725005,0.468501308,0.024011265,0.02059143
0.170200781,0.316661972,0.468394158,0.024190239,0.020552851
0.170289476,0.316604833,0.46822363,0.024328218,0.020553843
0.171121359,0.316279145,0.467553581,0.024498797,0.020547118
0.24676736,0.260076436,0.434596271,0.033162798,0.025397135
0.246882671,0.260023693,0.434288785,0.033402132,0.025402719
0.246943138,0.259940145,0.433994992,0.033714041,0.025407683
0.247046318,0.259814043,0.433491759,0.034087993,0.025559886
0.247614043,0.259675192,0.433333741,0.034350445,0.025026579
0.251582781,0.25809724,0.430699846,0.034735633,0.0248845
0.25313516,0.258024299,0.428973036,0.035018456,0.024849048
0.254687233,0.257596128,0.427522061,0.035358967,0.024835611
0.055177026,0.178055701,0.730557915,0.013717446,0.022491912
0.055203407,0.177564178,0.729941858,0.014748036,0.022542522
0.055363603,0.177396889,0.729242041,0.015466715,0.022530753
0.055376125,0.176993712,0.729244131,0.015877324,0.022508708
0.055842064,0.176800029,0.728362557,0.016430523,0.022564826
0.055991386,0.176678701,0.727770388,0.016920474,0.022639051
0.055961269,0.176607393,0.727505543,0.017239039,0.022686756
0.056098201,0.176459938,0.727104022,0.017598016,0.022739823
0.077297961,0.559554439,0.335979395,0.006635066,0.020533139
0.077293478,0.559576106,0.335878478,0.006724071,0.020527867
0.077427278,0.55941528,0.33581088,0.00679913,0.020547431
0.077504668,0.559412928,0.335629418,0.006879918,0.020573067
0.07763529,0.559413685,0.335458145,0.006919069,0.02057381
0.077762339,0.559304135,0.335368497,0.00698088,0.020584149
0.077750821,0.559318454,0.335325946,0.007031118,0.020573661
0.077807051,0.559320338,0.335123087,0.007170132,0.020579391
0.127246594,0.029012465,0.775545946,0.016366316,0.051828679
0.12708517,0.02897798,0.775206252,0.016898788,0.051831809
0.127389304,0.028931258,0.774611493,0.017254911,0.051813034
0.127746125,0.028897687,0.774093477,0.017478635,0.051784076
0.127898135,0.028893851,0.773833806,0.017621145,0.051753063
0.128984022,0.028845342,0.772734399,0.017738921,0.051697317
0.129300576,0.028835258,0.772367818,0.017865323,0.051631024
0.1300523,0.028801427,0.771540816,0.018028006,0.051577451
0.173795062,0.140813816,0.651395458,0.017295817,0.016699847
0.173723924,0.140752013,0.651271321,0.017551202,0.016701541
0.173558436,0.140668206,0.651196124,0.017884776,0.016692458
0.173091315,0.140543146,0.651483441,0.018202113,0.016679985
0.172901703,0.140427908,0.651265196,0.018730489,0.016674704
0.172968788,0.140284071,0.650990696,0.019090413,0.016666032
0.172825714,0.140213017,0.650895611,0.019397509,0.016668148
0.17275486,0.140123668,0.650757374,0.019705684,0.016658414
0.236847671,0.320196554,0.406319587,0.018025751,0.018610437
0.236819844,0.32042893,0.406028413,0.018149927,0.018572886
0.236607032,0.320448381,0.405894648,0.018462763,0.018587176
0.236349609,0.320441989,0.405766264,0.018826838,0.0186153
0.236143259,0.32073969,0.40562234,0.018853132,0.018641579
0.236037987,0.320749785,0.405498923,0.019068245,0.018645059
0.235981774,0.320775858,0.405420547,0.019172352,0.01864947
0.235934913,0.320767402,0.405301097,0.019346887,0.018649702
0.01243699,0.031953814,0.926643423,0.003837346,0.025128427
0.012449317,0.031941784,0.926494004,0.003992723,0.025122172
0.012446477,0.031936444,0.926394167,0.004099531,0.025123381
0.012481427,0.031924114,0.926277377,0.004192576,0.025124505
0.012513888,0.031903879,0.926265062,0.00421028,0.025106891
0.012532122,0.031899633,0.926186733,0.004272549,0.025108964
0.012553323,0.031897619,0.926114628,0.004320903,0.025113527
0.012560809,0.031892275,0.926042262,0.004389918,0.025114737
0.004714149,0.078203029,0.909823987,0.002994952,0.004263883
0.004713699,0.078195561,0.909614309,0.003206134,0.004270298
0.004726762,0.078165498,0.909434426,0.003335334,0.004337981
0.004726762,0.078158677,0.909366218,0.003410362,0.004337981
0.004842879,0.077936251,0.909431337,0.003410478,0.004379054
0.004842945,0.077937315,0.909416459,0.003417346,0.004385935
0.00483652,0.077936873,0.909354471,0.003485842,0.004386294
0.00483817,0.077949817,0.909268952,0.00355527,0.004387791
0.361814502,0.404392734,0.078779296,0.085845369,0.069168098
0.361104731,0.404135087,0.078452764,0.087950735,0.068356684
0.35978355,0.403805578,0.077958365,0.089632504,0.068820003
0.358814972,0.403657871,0.077837434,0.091006537,0.068683185
0.358225528,0.403520611,0.077696575,0.091796249,0.068761038
0.357727586,0.403469802,0.077601394,0.092571139,0.068630079
0.357487946,0.403430229,0.077481817,0.093186944,0.068413064
0.357348786,0.403419376,0.077434031,0.093525214,0.068272592
0.633634126,0.126989336,0.017774132,0.138528849,0.083073558
0.633058122,0.126742851,0.016622013,0.141669856,0.081907157
0.629605299,0.126567033,0.015875623,0.145070345,0.082881699
0.62645126,0.126122673,0.016100767,0.148795181,0.08253012
0.625184942,0.125979506,0.016220067,0.150145213,0.082470272
0.623697774,0.125890997,0.016010527,0.151935519,0.082465183
0.622347716,0.125719612,0.015899995,0.153681671,0.082351006
0.621805418,0.125589558,0.015794669,0.154546452,0.082263903
0.347501373,0.311147721,0.066172433,0.149258649,0.125919824
0.34619607,0.310297508,0.065484685,0.15237677,0.125644967
0.344596818,0.309270433,0.064838179,0.156061437,0.125233132
0.343443207,0.308835628,0.064169363,0.159161959,0.124389843
0.342418426,0.308417878,0.063613929,0.161502605,0.124047162
0.341929112,0.308405574,0.063480742,0.162295622,0.12388895
0.341949292,0.308253759,0.063000768,0.16309955,0.12369663
0.341858295,0.308215795,0.062784699,0.163547555,0.123593656
0.352383156,0.477248188,0.021980565,0.105121086,0.043267006
0.35160768,0.476752255,0.02197548,0.106484694,0.043179891
0.350759503,0.476598041,0.021898373,0.107564192,0.043179891
0.349965297,0.476517313,0.022055988,0.10835197,0.043109432
0.349506325,0.476473311,0.021983956,0.109071274,0.042965134
0.348734958,0.475856217,0.021752546,0.110768281,0.042887998
0.348067577,0.475738641,0.021677081,0.111702538,0.042814163
0.347759006,0.475661498,0.021677081,0.112088251,0.042814163
0.170584325,0.741192821,0.016073479,0.041936069,0.030213306
0.170071316,0.741085459,0.016015956,0.042608485,0.030218784
0.169275397,0.740919804,0.015954554,0.043633287,0.030216958
0.168429323,0.740798936,0.016075422,0.044539796,0.030156524
0.168137314,0.740783271,0.015955518,0.045025988,0.030097909
0.167835126,0.740722833,0.015955518,0.045388614,0.030097909
0.167724388,0.740767604,0.015896041,0.045572681,0.030039287
0.16743258,0.740899746,0.015902769,0.045712904,0.030052001
0.104810578,0.804899813,0.013223006,0.040236878,0.036829723
0.10431538,0.804753407,0.013221934,0.04096366,0.03674562
0.103837106,0.804656445,0.012898515,0.041859333,0.036748601
0.103358754,0.804478338,0.012818433,0.042592893,0.036751582
0.10296146,0.804137931,0.012819473,0.043326572,0.036754564
0.10280753,0.804040896,0.01273937,0.043654658,0.036757546
0.102572426,0.803943845,0.012740404,0.044063945,0.03667938
0.102281029,0.804042536,0.012744541,0.044240604,0.03669129
0.170589042,0.672394096,0.020106932,0.043412695,0.093497235
0.170223461,0.672302701,0.019787049,0.044280949,0.09340584
0.169819943,0.672287725,0.019742254,0.044785669,0.093364409
0.168999268,0.672521039,0.019667033,0.045188438,0.093624222
0.168892955,0.672598353,0.019533394,0.04547118,0.093504117
0.168733129,0.672644919,0.019536075,0.045751933,0.093333943
0.168628349,0.673276849,0.019418365,0.046164415,0.092512022
0.168460587,0.673292722,0.019374342,0.046397655,0.092474694
0.554176886,0.195426345,0.082672053,0.100129851,0.067594864
0.553823954,0.195382395,0.082395382,0.104906205,0.063492063
0.54903091,0.19389005,0.080048995,0.107428489,0.069601556
0.548461483,0.193845932,0.07998847,0.108164589,0.069539526
0.548259209,0.193685576,0.079795286,0.108700353,0.069559576
0.547761517,0.193569317,0.079734698,0.109941605,0.068992863
0.547263682,0.193453025,0.07960199,0.110750595,0.068930709
0.547007931,0.193366979,0.079668349,0.111031002,0.068925739
0.266559907,0.442422478,0.026787014,0.176299316,0.087931285
0.265288294,0.441904485,0.026499709,0.178800233,0.08750728
0.262523595,0.440394947,0.026136199,0.181646581,0.089298679
0.261493836,0.439883974,0.025960841,0.183901378,0.088759971
0.260510293,0.439547695,0.025949551,0.185561032,0.088431429
0.259559676,0.439020857,0.025782155,0.187572422,0.08806489
0.259269988,0.438876014,0.025637312,0.18829664,0.087920046
0.259055346,0.438858302,0.025644741,0.188640974,0.087800637
0.526571024,0.283424261,0.08358591,0.078332323,0.028086482
0.52597884,0.283240111,0.083496192,0.079250623,0.028034234
0.525340342,0.282989621,0.082827874,0.080806039,0.028036123
0.524772497,0.282844624,0.082777216,0.081563869,0.028041793
0.524573586,0.282815344,0.08272096,0.081911953,0.027978157
0.524085818,0.282822831,0.082714883,0.082377547,0.027998921
0.523957349,0.282764206,0.082669726,0.082602241,0.028006479
0.523925221,0.282783289,0.082540325,0.082810285,0.027940879
0.415155061,0.381948508,0.019894675,0.12799883,0.055002926
0.414312893,0.381969852,0.01990341,0.128933119,0.054880726
0.412496342,0.38191396,0.01975417,0.130962833,0.054872695
0.410800527,0.381823504,0.019757061,0.132591834,0.055027074
0.40943037,0.382047152,0.019622199,0.133840972,0.055059306
0.408758055,0.381956649,0.019625073,0.134739309,0.054920914
0.40823202,0.38186612,0.019627948,0.135344954,0.054928959
0.408438324,0.381922063,0.019337826,0.135657779,0.054644008
0.405061141,0.01341712,0.011039402,0.10377038,0.466711957
0.404996601,0.013426241,0.010707002,0.117267165,0.453602991
0.404389248,0.013099694,0.010377679,0.12095951,0.451173869
0.401157841,0.012940576,0.009535161,0.126000341,0.450366082
0.400170358,0.012947189,0.009540034,0.127427598,0.449914821
0.399863644,0.012953809,0.009374467,0.129197205,0.448610874
0.401056758,0.012783365,0.009204022,0.130731208,0.446224646
0.402626194,0.012789905,0.009038199,0.132673943,0.44287176
0.534978986,0.345214662,0.015693994,0.068521573,0.035590786
0.533159463,0.345167128,0.015595061,0.070417288,0.03566106
0.532151602,0.345150644,0.01506441,0.071755563,0.035877781
0.531303237,0.345187394,0.015066014,0.072348807,0.036094549
0.530943758,0.34528121,0.014912654,0.07269919,0.036163187
0.530342586,0.345356705,0.014918216,0.073259097,0.036123395
0.530236027,0.345303426,0.014918216,0.073525494,0.036016836
0.53002931,0.345323741,0.014921396,0.073701039,0.036024514
0.299826062,0.319684012,0.299826062,0.05692854,0.023735324
0.299430726,0.319228398,0.299612024,0.057870119,0.023858733
0.299107791,0.31916437,0.299506746,0.058356303,0.02386479
0.299227449,0.319030866,0.299299989,0.05861231,0.023829386
0.299114916,0.318956761,0.299114916,0.058981428,0.023831979
0.299016584,0.318902638,0.298944007,0.059331567,0.023805204
0.299001996,0.318816912,0.29878425,0.059589911,0.023806932
0.298878525,0.31880376,0.29873335,0.059811999,0.023772366
0.312801248,0.389282676,0.172951517,0.076764956,0.048199603
0.312375957,0.388928268,0.17266799,0.078395237,0.047632549
0.312105972,0.388467805,0.171849543,0.079549479,0.048027201
0.311574173,0.388404564,0.171450847,0.08101212,0.047558296
0.310024796,0.387318456,0.171023734,0.081544456,0.050088558
0.30995395,0.387176762,0.171023734,0.081827843,0.050017712
0.309736395,0.387117347,0.170918367,0.082270408,0.049957483
0.309589624,0.387057906,0.170883833,0.082500532,0.049968105
0.388502275,0.489811932,0.038191899,0.043916816,0.039577078
0.387983177,0.490009325,0.037931759,0.044341566,0.039734172
0.387963045,0.489630301,0.037662452,0.045022544,0.039721657
0.387555349,0.489585866,0.037567506,0.04559453,0.039696749
0.387194583,0.489548027,0.037438474,0.046022577,0.039796339
0.386982187,0.489490828,0.03737536,0.046347952,0.039803672
0.386861421,0.489428264,0.037334552,0.046587124,0.039788639
0.386592125,0.48940475,0.037317393,0.046821793,0.039863939
0.746775566,0.087119279,0.008269525,0.105223754,0.052611877
0.745226832,0.087057142,0.008167988,0.107068713,0.052479325
0.742731667,0.08684551,0.007932185,0.110165452,0.052325186
0.740602016,0.08672705,0.007865704,0.112571506,0.052233724
0.739419115,0.086655998,0.007797337,0.113963703,0.052163846
0.738671569,0.086576107,0.007592006,0.11503762,0.052122698
0.73839763,0.08648575,0.007558991,0.115461882,0.052095747
0.737679234,0.086441198,0.00756105,0.116242635,0.052075883
0.343815103,0.574814343,0.001764663,0.038896105,0.040709787
0.341946259,0.575968954,0.001743872,0.03927396,0.041066955
0.341942453,0.57549347,0.001718551,0.039821271,0.041024256
0.341427484,0.575363991,0.001694125,0.040511675,0.041002725
0.34111725,0.575346839,0.001669736,0.040859423,0.041006753
0.34092081,0.575297729,0.001669736,0.041104972,0.041006753
0.340626688,0.575266441,0.001669859,0.041451795,0.040985217
0.340431803,0.575221674,0.001645666,0.041608331,0.041092526
0.713385442,0.158085002,0.012115291,0.083488031,0.032926234
0.712625153,0.157997558,0.012014652,0.083760684,0.033601954
0.712235834,0.157840793,0.011811216,0.084484357,0.0336278
0.71183793,0.157822797,0.011813522,0.084891384,0.033634367
0.711201211,0.157637634,0.011772752,0.085437937,0.033950467
0.71088751,0.157573389,0.011722757,0.085918038,0.033898305
0.710503175,0.157547631,0.011724475,0.086321446,0.033903273
0.710181747,0.157563025,0.01172562,0.086623021,0.033906586
0.518222932,0.380553339,0.004788508,0.064112796,0.032322426
0.518030605,0.380705256,0.004657352,0.064271457,0.032335329
0.517365269,0.380439122,0.004657352,0.06506986,0.032468397
0.516635614,0.380489752,0.004657972,0.065743945,0.032472718
0.516438174,0.380407294,0.004525489,0.066152003,0.03247704
0.516111851,0.380426099,0.004527297,0.06644474,0.032490013
0.515982952,0.380394246,0.004528503,0.066595631,0.032498668
0.515583378,0.380394246,0.004528503,0.066862014,0.032631859
0.268422198,0.664113166,0.00531012,0.031381937,0.030772579
0.265548567,0.666273585,0.005284766,0.031795947,0.031097135
0.267954239,0.66370873,0.005219888,0.032145809,0.030971334
0.267290126,0.663897347,0.005219661,0.032666377,0.03092649
0.266289445,0.664026115,0.005353645,0.033340588,0.030990207
0.265958373,0.664112166,0.005312201,0.033614909,0.031002351
0.265839321,0.664053995,0.005312432,0.033790551,0.031003701
0.26554878,0.66402439,0.005313589,0.034102787,0.031010453
0.068760908,0.883653287,0.009385302,0.018964514,0.01923599
0.067857143,0.884083851,0.00939441,0.019409938,0.019254658
0.068130674,0.883370839,0.009350508,0.019903779,0.0192442
0.067980754,0.883284184,0.009351234,0.020138134,0.019245693
0.067905786,0.883279655,0.009312793,0.020255326,0.01924644
0.067865046,0.883255037,0.009317855,0.02030516,0.019256901
0.067792662,0.883168317,0.009318579,0.020462046,0.019258396
0.067761727,0.883193538,0.009319664,0.020503262,0.019221808
0.648905837,0.11790168,0.1171459,0.055481123,0.060565461
0.649008898,0.117867326,0.116287059,0.055721598,0.061115119
0.648730371,0.117822905,0.116276673,0.056042332,0.061127719
0.64915656,0.117772357,0.115642285,0.056343835,0.061084962
0.649086036,0.117750137,0.115379329,0.056693238,0.061091259
0.648934708,0.117731959,0.115292096,0.056975945,0.061065292
0.648819547,0.117736005,0.115192962,0.05714973,0.061101756
0.648597553,0.117661213,0.114980063,0.057266603,0.061494569
0.559565176,0.154579362,0.15531257,0.043067997,0.087474896
0.562098569,0.154435612,0.153577107,0.04317965,0.086709062
0.563230437,0.154630335,0.151962652,0.043318089,0.086858486
0.563093537,0.154645069,0.151881848,0.043512784,0.086866762
0.562392837,0.154569124,0.151774941,0.043722614,0.087540484
0.562341209,0.154535061,0.151581555,0.044016768,0.087525407
0.562605135,0.154378392,0.151299711,0.044244136,0.087472625
0.562464293,0.154351552,0.151114074,0.04440424,0.087665841
0.10309069,0.851509425,0.017507145,0.013680873,0.014211866
0.102484375,0.851875,0.0175,0.013734375,0.01440625
0.102529648,0.851689817,0.017390353,0.014015406,0.014374775
0.102532456,0.851536503,0.01738818,0.014201128,0.014341733
0.10279965,0.851502937,0.016997875,0.01435758,0.014341957
0.102566106,0.851581547,0.01698756,0.014471463,0.014393324
0.102477143,0.851590216,0.016972728,0.0146128,0.014347113
0.102289599,0.851512073,0.017097757,0.014753458,0.014347113
0.368287886,0.506899556,0.047876744,0.026384979,0.050550835
0.368124649,0.506865872,0.047761647,0.026683504,0.050564328
0.367967224,0.506841237,0.04767042,0.026967165,0.050553954
0.367918716,0.506834006,0.047519171,0.027209094,0.050519013
0.368328019,0.506770269,0.047161254,0.02734421,0.050396248
0.368255993,0.50675523,0.047051321,0.027541028,0.050396429
0.368150547,0.50675115,0.047004167,0.027685753,0.050408382
0.368083466,0.506754748,0.046937992,0.027814762,0.050409032
0.440576477,0.457373287,0.010321704,0.040530318,0.051198215
0.43984355,0.45732239,0.010284688,0.041408053,0.051141318
0.43940735,0.457340774,0.010031428,0.042229491,0.050990956
0.438956174,0.457328338,0.009968695,0.042902597,0.050844196
0.438687658,0.45731809,0.009905436,0.043368362,0.050720454
0.438341397,0.45732216,0.009727801,0.043929108,0.050679534
0.437972603,0.457345333,0.009705622,0.044342881,0.050633561
0.437777664,0.457345728,0.009681313,0.044580262,0.050615033
0.68891227,0.106735474,0.074402525,0.049635085,0.080314645
0.689616592,0.106556008,0.073759268,0.049963262,0.080104869
0.689698367,0.106540402,0.073521061,0.050205431,0.08003474
0.690022047,0.106460449,0.073022448,0.05050775,0.079987306
0.690902411,0.10637232,0.072222964,0.050664618,0.079837686
0.6910861,0.106338922,0.072022577,0.05079821,0.079754191
0.691032064,0.106312625,0.071977288,0.050918504,0.079759519
0.690912128,0.106281323,0.07195122,0.051085867,0.079769462
0.464421715,0.346026751,0.034618411,0.029583006,0.125350118
0.464260974,0.346149002,0.034479501,0.029724794,0.12538573
0.464159738,0.346088435,0.034297052,0.030045351,0.125409423
0.464443185,0.346088435,0.033856135,0.030202822,0.125409423
0.466171097,0.346006048,0.032285498,0.030206627,0.125330729
0.466311777,0.345985447,0.03212902,0.030239078,0.125334677
0.466542751,0.345945435,0.031945057,0.030338353,0.125228404
0.466544859,0.345923639,0.03188004,0.030430948,0.125220514
0.392494544,0.479409811,0.030790398,0.024575387,0.072729861
0.392265718,0.479145907,0.030794781,0.024721234,0.073072361
0.392065676,0.47904902,0.030750249,0.025055759,0.073079296
0.39159943,0.479069767,0.030707167,0.025249169,0.073374466
0.391921397,0.479067781,0.030377824,0.025393962,0.073239036
0.391921397,0.479067781,0.030282893,0.025488893,0.073239036
0.391853399,0.47911128,0.03024117,0.025493733,0.073300418
0.391853399,0.47911128,0.030146221,0.025588682,0.073300418
0.495217324,0.388502882,0.027262814,0.023991276,0.065025705
0.494653823,0.388634309,0.027276411,0.024346145,0.065089311
0.4943568,0.388601359,0.027218308,0.024724076,0.065099458
0.494480823,0.388618647,0.026941066,0.02491425,0.065045214
0.495120506,0.388551118,0.026657937,0.024693668,0.064976772
0.494823823,0.388525101,0.026629249,0.024883068,0.065138759
0.494995167,0.388474851,0.026505348,0.02494621,0.065078425
0.494792316,0.388486965,0.026474991,0.025196458,0.06504927
0.436830675,0.097506178,0.223470381,0.088856437,0.153336329
0.436662424,0.097327244,0.222916823,0.089877967,0.153215542
0.436461608,0.097178566,0.22272115,0.090555306,0.153083371
0.436386768,0.097103727,0.222496632,0.091004341,0.153008532
0.439083639,0.096868226,0.221167501,0.09133717,0.151543464
0.438926877,0.096775399,0.220827262,0.092030041,0.151440421
0.438852147,0.096775399,0.220603071,0.092328962,0.151440421
0.438740052,0.096738034,0.220378881,0.092665247,0.151477786
0.080651528,0.889140507,0.00839341,0.01015935,0.011655205
0.08076947,0.888630367,0.00833039,0.010262376,0.012007396
0.080790245,0.888547271,0.008309616,0.010324698,0.01202817
0.080753729,0.88851955,0.008268584,0.010408443,0.012049695
0.080715532,0.888494141,0.008227375,0.010512757,0.012050195
0.080680685,0.88852643,0.008228059,0.010534408,0.012030419
0.080640805,0.888503335,0.008228229,0.010576184,0.012051447
0.080720563,0.888445636,0.008186333,0.010575744,0.012071724
0.660295227,0.174679453,0.033401573,0.023510398,0.10811335
0.659856909,0.174640117,0.033380743,0.023834152,0.108288079
0.659732701,0.174649709,0.033304592,0.024100022,0.108212977
0.659880524,0.174685674,0.032974617,0.024305031,0.108154155
0.661194642,0.174687749,0.031796708,0.024138749,0.108182152
0.661071798,0.174706593,0.031670694,0.024421816,0.108129099
0.660690012,0.174660712,0.031652534,0.02472652,0.108270222
0.660739718,0.174657978,0.031353847,0.024988132,0.108260325
0.464258093,0.449232129,0.021102641,0.03866976,0.026737377
0.46408046,0.449270557,0.020999116,0.038903625,0.026746242
0.462703061,0.449110399,0.020886286,0.039562383,0.027737872
0.462142147,0.449099149,0.020890903,0.040123798,0.027744004
0.461648983,0.449049514,0.020888594,0.040782493,0.027630416
0.461580984,0.449087894,0.020784964,0.040906578,0.02763958
0.461419412,0.449038249,0.020782666,0.041123148,0.027636524
0.461249309,0.449087894,0.020784964,0.041348811,0.027529022
0.232113494,0.722352447,0.009970962,0.016268411,0.019294686
0.231972289,0.722350513,0.009971659,0.016426997,0.019278542
0.231804185,0.722356358,0.009937714,0.016568689,0.019333053
0.231623887,0.722359281,0.009903242,0.016779522,0.019334068
0.231588893,0.722324287,0.009868248,0.016919497,0.019299074
0.231474515,0.722227083,0.009798604,0.017112561,0.019387237
0.231420722,0.722260136,0.009729295,0.017201253,0.019388594
0.23135347,0.722253334,0.009730146,0.017272759,0.019390291
0.310015163,0.567486477,0.09230124,0.010463603,0.019733517
0.309871125,0.567557392,0.092278233,0.010563911,0.01972934
0.309786877,0.567546342,0.092263666,0.01067229,0.019730826
0.309868853,0.567537036,0.092244134,0.010607968,0.019742009
0.309943408,0.567544596,0.092096486,0.010683623,0.019731887
0.30990295,0.567536743,0.092078931,0.01073788,0.019743496
0.30981945,0.56753965,0.092061374,0.010781381,0.019798145
0.309761556,0.567519583,0.092041835,0.010878454,0.019798571
0.597631012,0.206867672,0.103094839,0.045026721,0.047379756
0.597586998,0.206780337,0.103041181,0.045288663,0.047302822
0.597339396,0.206725304,0.102953788,0.045653084,0.047328427
0.597191751,0.206689537,0.102756392,0.046152619,0.047209701
0.597462952,0.206673714,0.102539043,0.046432774,0.046891517
0.597418917,0.206666135,0.102186141,0.04679459,0.046934216
0.597263225,0.206634485,0.102130376,0.047055773,0.046916141
0.597295087,0.206618659,0.101952883,0.047196346,0.046937025
0.010712708,0.969068943,0.006638861,0.002435686,0.011143802
0.010708207,0.969081938,0.006603753,0.002488527,0.011117575
0.010699393,0.96908705,0.006604963,0.002499758,0.011108836
0.010731371,0.969023402,0.006572426,0.002553549,0.011119252
0.010774004,0.968981641,0.006561369,0.002564213,0.011118773
0.010774237,0.968980973,0.00656151,0.002564268,0.011119012
0.010752688,0.968970198,0.00656151,0.002564268,0.011151335
0.010741914,0.968970198,0.00656151,0.002575043,0.011151335
0.246428262,0.065719976,0.00216469,0.328599879,0.357087194
