单位：平方公里,,,,,,,,
行政单位,年份,耕地,园地,林地,草地,城镇村,交通运输用地,水域及水利设施用地
北京市,2009,0.142456931,0.088784777,0.466287492,0.053212554,0.171048639,0.027881304,0.050328303
北京市,2010,0.140348677,0.087336636,0.465320457,0.053806597,0.174714662,0.028429073,0.050043898
北京市,2011,0.139206921,0.086602181,0.464622927,0.053734412,0.177511044,0.028519062,0.049803452
北京市,2012,0.138549833,0.086023509,0.46395096,0.053613435,0.179198863,0.029064683,0.049598716
北京市,2013,0.138711039,0.08505839,0.462970432,0.053527195,0.181114779,0.029230981,0.049387184
北京市,2014,0.13798722,0.084783216,0.462732415,0.05341293,0.182407544,0.029488068,0.049188608
北京市,2015,0.137610604,0.08461622,0.462439463,0.053371454,0.183285682,0.029530067,0.04914651
北京市,2016,0.135705741,0.08372388,0.464034682,0.053153031,0.184677188,0.02977606,0.048929418
天津市,2009,0.380733465,0.02696443,0.048137813,0.01203424,0.255392758,0.034287325,0.242449968
天津市,2010,0.377859602,0.026568273,0.047856954,0.011751352,0.259949265,0.035764983,0.240249571
天津市,2011,0.375674152,0.026346856,0.047584126,0.011300027,0.263755592,0.036795143,0.238544105
天津市,2012,0.374247487,0.026127726,0.047370188,0.010280864,0.268146786,0.03725972,0.236567229
天津市,2013,0.373537026,0.025906162,0.047097232,0.010055681,0.272014698,0.038120406,0.233268795
天津市,2014,0.372676631,0.0258001,0.046940037,0.009945147,0.274137248,0.038927319,0.231573519
天津市,2015,0.372520429,0.025524139,0.046841864,0.009720883,0.27536788,0.039793372,0.230231434
天津市,2016,0.372661553,0.025359371,0.046739095,0.009552516,0.276965814,0.040143595,0.228578057
石家庄市,2009,0.428788881,0.056753126,0.155530387,0.158770603,0.13329072,0.024301623,0.042564661
石家庄市,2010,0.426284763,0.056605802,0.155285047,0.158426582,0.135401915,0.024940074,0.043055816
石家庄市,2011,0.433889522,0.047347963,0.155059109,0.15815341,0.137033332,0.025294437,0.043222228
石家庄市,2012,0.433020616,0.047256203,0.15493459,0.157832609,0.13828185,0.025544272,0.04312986
石家庄市,2013,0.432707572,0.047090285,0.154934832,0.157048723,0.139697419,0.025609264,0.042911905
石家庄市,2014,0.430968173,0.046496764,0.154841605,0.156317692,0.141901481,0.026667739,0.042806545
石家庄市,2015,0.430187585,0.046344572,0.154728143,0.155269075,0.14385488,0.026911584,0.042704161
石家庄市,2016,0.429288068,0.046124864,0.15430767,0.153815685,0.146243397,0.027045886,0.04317443
唐山市,2009,0.406862883,0.092293823,0.082462026,0.053881861,0.184972966,0.031471148,0.148055292
唐山市,2010,0.406250294,0.092110165,0.082320661,0.053626341,0.189332458,0.032214288,0.144145793
唐山市,2011,0.404433912,0.091525717,0.081858549,0.053289903,0.196229083,0.032656992,0.140005844
唐山市,2012,0.403148022,0.09117192,0.081303572,0.053191743,0.19909483,0.033310637,0.138779277
唐山市,2013,0.403245069,0.090930818,0.081159219,0.052950614,0.200394676,0.033599484,0.137720119
唐山市,2014,0.401992442,0.090594209,0.080918657,0.052758471,0.202897755,0.034465902,0.136372564
唐山市,2015,0.401309504,0.090410233,0.080733738,0.052522424,0.204313406,0.034999303,0.135711392
唐山市,2016,0.401472997,0.090296715,0.08057372,0.05227184,0.205429051,0.035232953,0.134722725
秦皇岛市,2009,0.250982431,0.120907411,0.294281408,0.173199837,0.091226935,0.020689646,0.048712331
秦皇岛市,2010,0.249519382,0.119958093,0.293783394,0.172603457,0.093592195,0.02208879,0.048454688
秦皇岛市,2011,0.24868914,0.119668217,0.293794015,0.172464523,0.095017878,0.02220235,0.048163878
秦皇岛市,2012,0.248273392,0.119020166,0.293572494,0.171753027,0.096808088,0.02247443,0.048098403
秦皇岛市,2013,0.249015333,0.118908093,0.293552058,0.170093696,0.097908871,0.022574163,0.047947785
秦皇岛市,2014,0.248247852,0.118692728,0.293447612,0.169936642,0.098896811,0.022862669,0.047915687
秦皇岛市,2015,0.247876195,0.118507385,0.293246656,0.169395928,0.100201804,0.022948653,0.047823379
秦皇岛市,2016,0.247329493,0.118281053,0.293030812,0.169147408,0.101383384,0.02311331,0.04771454
邯郸市,2009,0.601020033,0.016417067,0.113909568,0.059029253,0.144313189,0.02838827,0.03692262
邯郸市,2010,0.598577711,0.01630084,0.11369331,0.058684089,0.146117158,0.028986384,0.037640508
邯郸市,2011,0.598019508,0.016128745,0.113614572,0.058349181,0.147177803,0.02929289,0.037417302
邯郸市,2012,0.596939506,0.015953675,0.113398045,0.058063265,0.148567657,0.029831852,0.037246
邯郸市,2013,0.59596296,0.015672292,0.113505687,0.057702531,0.149777249,0.030157587,0.037221694
邯郸市,2014,0.594663182,0.015569582,0.113382424,0.057285757,0.151651666,0.030544619,0.03690277
邯郸市,2015,0.592028986,0.015441879,0.113203328,0.057076956,0.154719025,0.031121628,0.036408197
邯郸市,2016,0.591041288,0.015129051,0.11284492,0.056066482,0.157757732,0.031266408,0.035894118
邢台市,2009,0.582812333,0.047953665,0.112907446,0.070546285,0.120162002,0.027077919,0.038540351
邢台市,2010,0.581450997,0.047840532,0.112790698,0.070099668,0.121650332,0.027685216,0.038482558
邢台市,2011,0.581583789,0.047481604,0.11241654,0.068923247,0.123331001,0.028034533,0.038229286
邢台市,2012,0.580405264,0.047268317,0.112102558,0.068269624,0.124903164,0.028815495,0.038235578
邢台市,2013,0.578953409,0.047072561,0.111998596,0.067198991,0.12669089,0.030050757,0.038034795
邢台市,2014,0.578048592,0.046723029,0.111869579,0.066533267,0.128461069,0.030464483,0.037899982
邢台市,2015,0.577586802,0.046046867,0.111123131,0.065797763,0.131040463,0.030734804,0.03767017
邢台市,2016,0.575935639,0.045688636,0.110950867,0.064929545,0.133296572,0.030995547,0.038203195
保定市,2009,0.442260134,0.025496079,0.139480515,0.175371991,0.13751086,0.025131146,0.054749274
保定市,2010,0.441939609,0.025464061,0.139323705,0.174418942,0.13921426,0.025573506,0.054065916
保定市,2011,0.441979294,0.025397743,0.139176894,0.174317737,0.140088805,0.025616689,0.053422838
保定市,2012,0.441278632,0.025356475,0.138968896,0.17428616,0.141048507,0.025684835,0.053376494
保定市,2013,0.441290089,0.025286415,0.138911086,0.173976557,0.141976106,0.025760946,0.052798801
保定市,2014,0.43994605,0.025153151,0.138616957,0.173809903,0.143509262,0.026248362,0.052716314
保定市,2015,0.43918802,0.024784823,0.138377683,0.173602168,0.14505749,0.026536903,0.052452913
保定市,2016,0.438498577,0.024549683,0.137885752,0.172758262,0.147552528,0.026665025,0.052090173
张家口市,2009,0.261803204,0.041558689,0.314974841,0.308254711,0.033658331,0.01456366,0.025186565
张家口市,2010,0.263316213,0.041389937,0.314715664,0.306875554,0.034196651,0.014938342,0.024567639
张家口市,2011,0.265009775,0.041180704,0.314411377,0.305219956,0.034596278,0.015052521,0.024529389
张家口市,2012,0.266075352,0.041085364,0.314297197,0.303830681,0.034957941,0.01526204,0.024491425
张家口市,2013,0.265975211,0.041008651,0.314157885,0.303539428,0.035299803,0.01554719,0.024471832
张家口市,2014,0.266006807,0.040902273,0.314027372,0.303045452,0.035801301,0.015797395,0.024419399
张家口市,2015,0.266006807,0.040826045,0.313970273,0.302797926,0.036143897,0.015873623,0.024381428
张家口市,2016,0.266086894,0.040728637,0.313876319,0.302304655,0.036541496,0.016139066,0.024322933
承德市,2009,0.104043579,0.035582107,0.607323046,0.206503521,0.021672808,0.007092407,0.017782532
承德市,2010,0.103886879,0.035323289,0.606572404,0.207068066,0.022154519,0.007247213,0.017747629
承德市,2011,0.103632226,0.03515227,0.606300672,0.207161423,0.022551131,0.007557326,0.017644951
承德市,2012,0.10344824,0.035119722,0.606194034,0.207017075,0.023000061,0.007695351,0.017525516
承德市,2013,0.103505259,0.035121545,0.606122202,0.206821224,0.023293848,0.0077474,0.017388522
承德市,2014,0.103485184,0.035109084,0.605930213,0.206556857,0.023555343,0.00816172,0.017201599
承德市,2015,0.10331467,0.035058025,0.605733913,0.206388359,0.023900041,0.008385794,0.017219198
承德市,2016,0.103299153,0.035041585,0.605675431,0.206288615,0.024107088,0.008437597,0.017150532
沧州市,2009,0.589450847,0.068632549,0.021715549,0.013796437,0.159627622,0.038499582,0.108277414
沧州市,2010,0.588642787,0.068385461,0.021600399,0.013686798,0.161058959,0.038572834,0.108052761
沧州市,2011,0.587790584,0.068162363,0.021592871,0.01348351,0.162545441,0.038658649,0.107766582
沧州市,2012,0.587314606,0.067952246,0.021424422,0.01327236,0.163792107,0.038773187,0.107471071
沧州市,2013,0.586513864,0.067779517,0.021267889,0.013019529,0.164927698,0.039206917,0.107284586
沧州市,2014,0.585369487,0.067491061,0.021106228,0.012812872,0.166915226,0.039382449,0.106922676
沧州市,2015,0.584243298,0.067225409,0.020936451,0.012651323,0.16873367,0.039740038,0.106469812
沧州市,2016,0.583217788,0.066861353,0.020717927,0.012341393,0.170945388,0.039899128,0.106017024
廊坊市,2009,0.571307962,0.044752457,0.077020248,0.018197746,0.181442648,0.042002244,0.065276696
廊坊市,2010,0.568342365,0.044150251,0.075913021,0.017893557,0.185918611,0.042562112,0.065220084
廊坊市,2011,0.573425318,0.039703526,0.071359941,0.017469551,0.189730445,0.043515064,0.064796154
廊坊市,2012,0.5720484,0.039174675,0.069666983,0.0169407,0.193435578,0.044043915,0.064689749
廊坊市,2013,0.570415159,0.038677036,0.069195226,0.016742088,0.196249442,0.044294291,0.064426759
廊坊市,2014,0.568823509,0.038387633,0.067974091,0.016436391,0.19925843,0.044963462,0.064156484
廊坊市,2015,0.566097442,0.037952381,0.066786777,0.016008154,0.204070177,0.045267123,0.063817946
廊坊市,2016,0.564108591,0.037480188,0.066173178,0.015139773,0.208046806,0.045632129,0.063419337
衡水市,2009,0.661096542,0.057863773,0.035275006,0.011835693,0.133209561,0.038446275,0.062273149
衡水市,2010,0.659270272,0.057522786,0.034792008,0.011675038,0.135843074,0.038967048,0.061929773
衡水市,2011,0.658650266,0.057226477,0.034645839,0.01160004,0.136802751,0.039208135,0.061866493
衡水市,2012,0.657694896,0.057076566,0.034493039,0.011446636,0.13812877,0.039365429,0.061794664
衡水市,2013,0.657225049,0.056574247,0.034284925,0.011222442,0.139462665,0.039625075,0.061605597
衡水市,2014,0.656166221,0.056196409,0.034058043,0.010914179,0.141342096,0.040095673,0.061227381
衡水市,2015,0.655190581,0.055855983,0.033807416,0.010753899,0.142813212,0.040461442,0.061117468
衡水市,2016,0.654706252,0.055602471,0.033562395,0.010440036,0.144226776,0.04083214,0.060629929
太原市,2009,0.173198971,0.026821516,0.413201584,0.249405806,0.092438996,0.020486905,0.024446223
太原市,2010,0.173512884,0.026427728,0.411659379,0.249232779,0.094130223,0.020588388,0.024448618
太原市,2011,0.173758486,0.026419922,0.411240935,0.248169159,0.094893534,0.021076567,0.024441397
太原市,2012,0.173280231,0.025928279,0.410786651,0.246709794,0.097674515,0.021375578,0.024244952
太原市,2013,0.172471884,0.025726809,0.410350985,0.24628896,0.099445923,0.02157086,0.02414458
太原市,2014,0.171943425,0.025326956,0.409773739,0.245052807,0.101800504,0.022062217,0.024040352
太原市,2015,0.172355554,0.025230076,0.409518269,0.244286501,0.102601814,0.022064444,0.023943342
太原市,2016,0.171960267,0.025032613,0.40922023,0.243791565,0.103690852,0.022459153,0.023845319
大同市,2009,0.28780265,0.014110705,0.233338663,0.367087711,0.052535404,0.018019644,0.027105223
大同市,2010,0.286446187,0.014157406,0.233013396,0.367331405,0.053331557,0.019028772,0.026691277
大同市,2011,0.286468184,0.014155973,0.232888587,0.366837578,0.053985249,0.019077837,0.026586592
大同市,2012,0.286519176,0.014104981,0.23268538,0.366279711,0.054594108,0.019432498,0.026384146
大同市,2013,0.286446405,0.01410642,0.232556883,0.366012609,0.055107364,0.019485477,0.026284843
大同市,2014,0.286236297,0.014058313,0.232490865,0.365966048,0.055471224,0.019589677,0.026187576
大同市,2015,0.286373944,0.014057596,0.232428005,0.365693894,0.055670882,0.019690683,0.026084997
大同市,2016,0.285997165,0.014059019,0.232198025,0.365477407,0.056133301,0.020199706,0.025935377
阳泉市,2009,0.197628978,0.008421536,0.402818521,0.29987833,0.067364552,0.014092603,0.009795481
阳泉市,2010,0.197527143,0.008417196,0.402438333,0.299553762,0.068190367,0.014255386,0.009617812
阳泉市,2011,0.197697696,0.008244597,0.402266749,0.299039247,0.068533209,0.01477071,0.009447792
阳泉市,2012,0.196806277,0.008243195,0.401683157,0.298128022,0.069379365,0.016313798,0.009446186
阳泉市,2013,0.196599754,0.008241772,0.401271293,0.297218917,0.070397614,0.016826093,0.009444556
阳泉市,2014,0.196361492,0.008238908,0.400959318,0.296258249,0.071233081,0.017507679,0.009441273
阳泉市,2015,0.196463163,0.008070582,0.400996909,0.296066461,0.071612571,0.017516744,0.00927357
阳泉市,2016,0.195847065,0.008066426,0.400790422,0.295571576,0.072433059,0.018022657,0.009268795
长治市,2009,0.274000759,0.009762519,0.37764264,0.248710167,0.060040212,0.015225341,0.014618361
长治市,2010,0.273697269,0.009762519,0.37754173,0.248659332,0.060394537,0.015326252,0.014618361
长治市,2011,0.27360095,0.009713652,0.377466452,0.248356078,0.060811257,0.015481133,0.014570478
长治市,2012,0.273155009,0.009712178,0.377257417,0.2481158,0.061459877,0.015782289,0.01451743
长治市,2013,0.272842277,0.009662815,0.377163186,0.247647473,0.062177286,0.016037404,0.014469558
长治市,2014,0.272221126,0.009612233,0.376991956,0.247230232,0.063084687,0.016390955,0.014468812
长治市,2015,0.272060358,0.009613684,0.376947953,0.247166631,0.063246005,0.016545221,0.014420147
长治市,2016,0.271857923,0.009613692,0.376897389,0.247115968,0.063397845,0.016697025,0.014420158
晋城市,2009,0.22892256,0.014088712,0.451584589,0.218411934,0.053298939,0.019828185,0.013865082
晋城市,2010,0.228974022,0.014091879,0.451611172,0.218088604,0.053608416,0.019832642,0.013793265
晋城市,2011,0.228974022,0.014091879,0.451611172,0.217641243,0.053832096,0.020056323,0.013793265
晋城市,2012,0.228767227,0.014017981,0.451495751,0.217209915,0.054507162,0.02020768,0.013794284
晋城市,2013,0.228968068,0.014021102,0.45137252,0.216587031,0.055041746,0.020212179,0.013797355
晋城市,2014,0.229058817,0.013948295,0.451107126,0.215559168,0.055792061,0.020810001,0.013724532
晋城市,2015,0.228985232,0.013948311,0.45110763,0.215185724,0.056089729,0.020958827,0.013724547
晋城市,2016,0.229075989,0.013949341,0.451065977,0.214903987,0.056243804,0.021035342,0.01372556
朔州市,2009,0.395090667,0.000931015,0.21760307,0.278606012,0.049826769,0.030068893,0.027873574
朔州市,2010,0.394971599,0.00093089,0.217240516,0.278236238,0.050685097,0.030131691,0.027803968
朔州市,2011,0.394998004,0.000930952,0.217122331,0.277855717,0.051220315,0.030133706,0.027738974
朔州市,2012,0.394750507,0.000864118,0.216478046,0.276876616,0.051893934,0.031362406,0.027774372
朔州市,2013,0.394619536,0.000863831,0.216074439,0.276054432,0.053005576,0.031949808,0.027432378
朔州市,2014,0.394033885,0.000864004,0.215784874,0.27584365,0.053680888,0.032420598,0.027372101
朔州市,2015,0.393756096,0.000863832,0.21560936,0.2754569,0.05406873,0.032414137,0.027830944
朔州市,2016,0.393677649,0.00086366,0.215499663,0.275268537,0.054456417,0.032474421,0.027759653
晋中市,2009,0.245576276,0.01953376,0.347319618,0.305141991,0.049272929,0.016731116,0.01642431
晋中市,2010,0.245313649,0.019139589,0.347188452,0.304835386,0.049491733,0.017562854,0.016468338
晋中市,2011,0.245335247,0.019009868,0.347087613,0.304336599,0.050021715,0.017827213,0.016381745
晋中市,2012,0.245465693,0.018881774,0.346797596,0.303601423,0.050687638,0.018137228,0.016428648
晋中市,2013,0.245575053,0.018840037,0.346608833,0.302970557,0.051217797,0.018401682,0.016386041
晋中市,2014,0.245311184,0.018755263,0.346406737,0.302585299,0.051840721,0.018755263,0.016345534
晋中市,2015,0.245485409,0.01871514,0.346248162,0.301937191,0.052507186,0.018846626,0.016260286
晋中市,2016,0.24509111,0.018671104,0.346204342,0.301674417,0.052989119,0.018978125,0.016391783
运城市,2009,0.372818262,0.117765895,0.246889659,0.105423366,0.092934061,0.021340168,0.042828588
运城市,2010,0.37217786,0.117270706,0.24674123,0.105317333,0.093413396,0.021398013,0.043681462
运城市,2011,0.372146821,0.117128924,0.24670399,0.105224399,0.093910193,0.021546651,0.043339023
运城市,2012,0.372509562,0.116691867,0.246568418,0.104491589,0.094406232,0.02218749,0.043144843
运城市,2013,0.372330667,0.116304212,0.246482277,0.10410334,0.095100095,0.022581909,0.0430975
运城市,2014,0.37196145,0.115982518,0.246432866,0.103779232,0.096200986,0.022734,0.042908948
运城市,2015,0.373215438,0.115808832,0.246431614,0.103307115,0.096318734,0.022787911,0.042130356
运城市,2016,0.373067484,0.115755625,0.246430758,0.103249707,0.09660273,0.022845659,0.042048037
忻州市,2009,0.262572965,0.014902136,0.259365934,0.400923582,0.031905659,0.011916152,0.018413571
忻州市,2010,0.262484203,0.014875986,0.259359445,0.400763231,0.032184921,0.012000081,0.018332133
忻州市,2011,0.262553848,0.014876807,0.259318588,0.400480892,0.032380397,0.012111489,0.018277979
忻州市,2012,0.262657295,0.014848604,0.259228428,0.399916881,0.032628356,0.012525918,0.018194518
忻州市,2013,0.262629614,0.014820821,0.259090419,0.399253422,0.03307051,0.013106595,0.018028619
忻州市,2014,0.262616312,0.014794263,0.25904913,0.398805492,0.033514914,0.013301024,0.017918865
忻州市,2015,0.262783845,0.014740308,0.259022543,0.398351697,0.033933446,0.013468426,0.017699735
忻州市,2016,0.262811442,0.01474032,0.25893979,0.398130506,0.034154581,0.013634371,0.017588989
临汾市,2009,0.260088103,0.020945245,0.385451032,0.250452685,0.055284232,0.01640071,0.011377993
临汾市,2010,0.259933807,0.020841341,0.385185823,0.2502647,0.055621837,0.016707102,0.01144539
临汾市,2011,0.260097167,0.020809126,0.384917586,0.249982702,0.055764359,0.01701633,0.01141273
临汾市,2012,0.260139795,0.020775489,0.384862437,0.249547284,0.056210632,0.017051247,0.011413116
临汾市,2013,0.259636154,0.020673688,0.384670624,0.249248309,0.056622623,0.017769438,0.011379165
临汾市,2014,0.259168081,0.020609054,0.384599808,0.248812288,0.057213195,0.018250804,0.011346771
临汾市,2015,0.259339311,0.020574706,0.384565459,0.248402157,0.057486444,0.018318988,0.011312935
临汾市,2016,0.25952759,0.02054226,0.384523296,0.248043161,0.057627225,0.018422767,0.011313701
吕梁市,2009,0.258089415,0.041439703,0.386115573,0.243163048,0.044779102,0.011787322,0.014625837
吕梁市,2010,0.257964336,0.041374474,0.386061411,0.243037467,0.045114706,0.011821278,0.014626327
吕梁市,2011,0.257956618,0.041311993,0.385933273,0.24269462,0.045653241,0.011922653,0.014527602
吕梁市,2012,0.25794927,0.041215911,0.385837983,0.242217815,0.046258995,0.012057609,0.014462418
吕梁市,2013,0.257857854,0.041049975,0.385684289,0.241457504,0.046895362,0.012792514,0.014262503
吕梁市,2014,0.25751503,0.040747996,0.385470942,0.240981964,0.047728958,0.01336022,0.01419489
吕梁市,2015,0.257323396,0.040749384,0.385350303,0.240789766,0.047997627,0.013594151,0.014195373
吕梁市,2016,0.25721514,0.040720357,0.385355463,0.240713442,0.048169245,0.013662642,0.014163711
呼和浩特市,2009,0.334701743,0.002249765,0.218898029,0.35234464,0.048152676,0.012551323,0.031101823
呼和浩特市,2010,0.334768253,0.002251009,0.218663588,0.35182853,0.048811349,0.012676734,0.031000538
呼和浩特市,2011,0.334597606,0.002212279,0.218284343,0.351467939,0.049306626,0.013196041,0.030935167
呼和浩特市,2012,0.332924638,0.002924703,0.217865767,0.351383527,0.050197816,0.013833792,0.030869757
呼和浩特市,2013,0.332160433,0.002886485,0.217539057,0.351138759,0.051320358,0.01411513,0.030839779
呼和浩特市,2014,0.33242399,0.002846639,0.217293451,0.349741045,0.052346728,0.014549291,0.030798856
呼和浩特市,2015,0.332226308,0.002846637,0.217095837,0.349029178,0.053137232,0.014747361,0.030917448
呼和浩特市,2016,0.331883468,0.002846749,0.21682737,0.348410625,0.054127964,0.014985167,0.030918658
包头市,2009,0.156445748,0.000780157,0.044987941,0.734315485,0.028602089,0.007144304,0.027724276
包头市,2010,0.156140425,0.000804721,0.044893568,0.733881251,0.029140785,0.007437453,0.027701797
包头市,2011,0.155851505,0.00080474,0.044870493,0.733679225,0.029629077,0.007486646,0.027678313
包头市,2012,0.155639716,0.00080478,0.0448482,0.733276487,0.030142673,0.007584321,0.027703823
包头市,2013,0.155778404,0.000780233,0.044821494,0.732777453,0.030555637,0.007632965,0.027653815
包头市,2014,0.155721812,0.000780195,0.044770666,0.732400172,0.030968937,0.007705748,0.02765247
包头市,2015,0.155485828,0.000780233,0.044748352,0.732167947,0.031458055,0.007730268,0.027629317
包头市,2016,0.155241788,0.000780233,0.044724193,0.731557905,0.032214134,0.00790109,0.027580657
乌海市,2009,0.058175664,0.007490117,0.044510994,0.63861013,0.142351883,0.018510439,0.090350773
乌海市,2010,0.057346081,0.007059913,0.044112879,0.632990373,0.146888543,0.019849803,0.091752407
乌海市,2011,0.057296039,0.007053753,0.043188534,0.629793676,0.150283935,0.020711722,0.091672341
乌海市,2012,0.056877931,0.007056832,0.042770881,0.624777614,0.155204,0.022043505,0.091269238
乌海市,2013,0.055063634,0.00705063,0.042733292,0.622906948,0.15858961,0.022909591,0.090746296
乌海市,2014,0.053789683,0.007056878,0.042328042,0.620813492,0.159609788,0.022929894,0.093472222
乌海市,2015,0.046657028,0.006602098,0.041811088,0.612674708,0.159770775,0.024209894,0.10827441
乌海市,2016,0.046616095,0.006596306,0.041774406,0.609940633,0.161827177,0.025065963,0.10817942
赤峰市,2009,0.167704531,0.003157374,0.313967862,0.464120082,0.022705724,0.008088183,0.020256245
赤峰市,2010,0.167798611,0.003157198,0.313862814,0.46376022,0.0230226,0.008159305,0.020239251
赤峰市,2011,0.167693986,0.003157474,0.313707376,0.463554304,0.02328707,0.008223605,0.020376186
赤峰市,2012,0.167733724,0.003157624,0.313595049,0.463329823,0.023510922,0.008311566,0.020361291
赤峰市,2013,0.168213783,0.003149832,0.313082182,0.463112726,0.023735056,0.008351827,0.020354595
赤峰市,2014,0.16823768,0.003149982,0.313009545,0.462991648,0.023911228,0.008384083,0.020315833
赤峰市,2015,0.168311923,0.003141888,0.312928023,0.462786052,0.024045651,0.008471274,0.020315189
赤峰市,2016,0.169129956,0.003134138,0.312598453,0.462112337,0.02421365,0.008503468,0.020307999
通辽市,2009,0.243040031,0.001214539,0.256148142,0.428032023,0.032661955,0.013889723,0.025013588
通辽市,2010,0.243109051,0.001214583,0.256049148,0.427650602,0.03289151,0.014070617,0.02501449
通辽市,2011,0.243150169,0.001202821,0.25594767,0.427329071,0.033196213,0.014156561,0.025017496
通辽市,2012,0.243233446,0.001202995,0.255804176,0.426801258,0.033561885,0.014230781,0.025165459
通辽市,2013,0.243744918,0.001190877,0.255617601,0.426562584,0.03381369,0.014434873,0.024635456
通辽市,2014,0.247641994,0.001167048,0.254054349,0.42395333,0.034191586,0.014497051,0.024494643
通辽市,2015,0.249163944,0.001154985,0.25397626,0.422243092,0.034469074,0.014533497,0.024459147
通辽市,2016,0.250673645,0.001154845,0.253536759,0.420784728,0.03480181,0.014603923,0.024444289
鄂尔多斯市,2009,0.054762865,0.000322873,0.176719066,0.72507378,0.013614471,0.007183921,0.022323024
鄂尔多斯市,2010,0.054751399,0.000322858,0.176110229,0.723965104,0.014627233,0.007865234,0.022357942
鄂尔多斯市,2011,0.054895424,0.000322861,0.175896552,0.723074651,0.015335909,0.008134354,0.022340249
鄂尔多斯市,2012,0.054890499,0.000322832,0.17544145,0.72284836,0.015738073,0.008447444,0.022311342
鄂尔多斯市,2013,0.055343876,0.000322809,0.175222543,0.721864024,0.016283972,0.008599232,0.022363544
鄂尔多斯市,2014,0.055486765,0.000313795,0.175086485,0.721212003,0.016768037,0.00869788,0.022435035
鄂尔多斯市,2015,0.05545447,0.000313814,0.175007899,0.720916456,0.017082904,0.008743219,0.022481237
鄂尔多斯市,2016,0.055563491,0.000313772,0.174778073,0.720174029,0.017430291,0.009217208,0.022523137
呼伦贝尔市,2009,0.076960327,0.000143865,0.55711023,0.334511792,0.006606083,0.004224241,0.020443462
呼伦贝尔市,2010,0.076954345,0.000143864,0.557120997,0.334404852,0.006694556,0.004243597,0.020437789
呼伦贝尔市,2011,0.077084146,0.000143859,0.556936234,0.334322736,0.006768986,0.004287665,0.020456376
呼伦贝尔市,2012,0.077160112,0.000143861,0.556926077,0.334137397,0.006849348,0.004301595,0.020481611
呼伦贝尔市,2013,0.077288016,0.000143862,0.556911362,0.333957593,0.006888119,0.004329266,0.020481781
呼伦贝尔市,2014,0.077407621,0.000143863,0.55675272,0.333838646,0.006949049,0.004417852,0.020490249
呼伦贝尔市,2015,0.077394192,0.000143864,0.556753077,0.333787928,0.006998882,0.004442774,0.020479284
呼伦贝尔市,2016,0.077448046,0.000143861,0.556739508,0.333576768,0.007137048,0.004470323,0.020484447
巴彦淖尔市,2009,0.126297691,0.000827199,0.028796067,0.769762916,0.016244217,0.006629643,0.051442267
巴彦淖尔市,2010,0.126110229,0.00082707,0.028755614,0.769259274,0.016769208,0.006844366,0.051434239
巴彦淖尔市,2011,0.126410845,0.000814721,0.028708995,0.768662114,0.017122447,0.00686573,0.051415149
巴彦淖尔市,2012,0.126754607,0.000826427,0.028673408,0.768085671,0.01734292,0.006934797,0.051382171
巴彦淖尔市,2013,0.126896554,0.000826258,0.028667567,0.767773487,0.017483085,0.007005233,0.051347816
巴彦淖尔市,2014,0.127962534,0.000825487,0.028616948,0.76661432,0.017598489,0.007094344,0.051287877
巴彦淖尔市,2015,0.128272342,0.000825171,0.028605999,0.766225379,0.017723245,0.007127507,0.051220357
巴彦淖尔市,2016,0.12900612,0.000812803,0.028569666,0.765334008,0.017882915,0.007232026,0.051162462
乌兰察布市,2009,0.172556614,0.000226618,0.139810378,0.646753845,0.017172512,0.006899183,0.016580851
乌兰察布市,2010,0.172468546,0.000226617,0.139734786,0.646564753,0.017424428,0.007000025,0.016580845
乌兰察布市,2011,0.172273585,0.000226626,0.139626777,0.646375324,0.017752376,0.007176492,0.016568821
乌兰察布市,2012,0.171786007,0.000226597,0.139483403,0.646570806,0.018064918,0.007314,0.016554268
乌兰察布市,2013,0.171536803,0.000226618,0.139319347,0.646124293,0.018582636,0.007667226,0.016543078
乌兰察布市,2014,0.171566418,0.000226623,0.139146647,0.645712393,0.018935691,0.007881388,0.016530841
乌兰察布市,2015,0.171404851,0.000226626,0.139060212,0.645544361,0.019238098,0.007994801,0.01653105
乌兰察布市,2016,0.171310597,0.000226635,0.138952095,0.645316748,0.019540997,0.008133725,0.016519203
兴安盟,2009,0.23470751,0.000715069,0.317303107,0.402648031,0.017862865,0.008321211,0.018442207
兴安盟,2010,0.234677003,0.000702663,0.317529645,0.402354549,0.017985765,0.008345601,0.018404774
兴安盟,2011,0.234460204,0.000702715,0.317540683,0.402211702,0.018295177,0.008370996,0.018418522
兴安盟,2012,0.234181647,0.000702767,0.317502589,0.402044126,0.018654202,0.008470188,0.018444481
兴安盟,2013,0.233959677,0.000702767,0.317773835,0.401871504,0.018678795,0.008544162,0.01846926
兴安盟,2014,0.233831965,0.000702827,0.317751959,0.401708943,0.018889966,0.008643482,0.018470858
兴安盟,2015,0.233744035,0.000690503,0.317733898,0.401575968,0.018990603,0.008792313,0.01847268
兴安盟,2016,0.233691751,0.000690495,0.317717752,0.401447616,0.019162946,0.00881699,0.018472451
锡林郭勒盟,2009,0.012397499,2.06E-05,0.03185238,0.923702369,0.003825167,0.003153346,0.025048673
锡林郭勒盟,2010,0.012407824,2.06E-05,0.031835368,0.923407304,0.003979421,0.003311043,0.025038475
锡林郭勒盟,2011,0.012404643,2.06E-05,0.031829073,0.923279105,0.004085763,0.003341948,0.025038903
锡林郭勒盟,2012,0.012439098,2.06E-05,0.031815891,0.92313732,0.004178381,0.00336941,0.025039333
锡林郭勒盟,2013,0.012470034,2.06E-05,0.0317921,0.923020283,0.004195531,0.003482548,0.025018939
锡林郭勒盟,2014,0.012487591,2.06E-05,0.03178624,0.922894459,0.004257361,0.003534073,0.02501971
锡林郭勒盟,2015,0.012508501,2.06E-05,0.031783666,0.92280663,0.004305452,0.003551343,0.02502384
锡林郭勒盟,2016,0.012515254,1.71E-05,0.03177661,0.922683754,0.004374014,0.003609576,0.025023669
阿拉善盟,2009,0.004709075,2.73E-05,0.078118284,0.908838048,0.00299174,0.001056263,0.004259297
阿拉善盟,2010,0.004708434,2.73E-05,0.078107649,0.908591668,0.003202495,0.001097003,0.004265463
阿拉善盟,2011,0.004721416,2.73E-05,0.078077096,0.908405858,0.003331562,0.001103708,0.004333074
阿拉善盟,2012,0.004720934,2.73E-05,0.078062271,0.908244978,0.003406123,0.00120578,0.004332632
阿拉善盟,2013,0.004836643,2.73E-05,0.077836407,0.908266661,0.003406077,0.001253483,0.004373446
阿拉善盟,2014,0.004836412,2.73E-05,0.077832693,0.90819604,0.00341276,0.00131473,0.004380083
阿拉善盟,2015,0.004829306,2.73E-05,0.077820105,0.907991644,0.003480652,0.001471259,0.004379754
阿拉善盟,2016,0.00482763,2.73E-05,0.077779411,0.907281563,0.003547466,0.002158426,0.004378234
沈阳市,2009,0.60592986,0.007269746,0.121437005,0.016997258,0.132472239,0.036452282,0.079441609
沈阳市,2010,0.605354072,0.007215307,0.121195984,0.015894851,0.135469744,0.036547099,0.078322943
沈阳市,2011,0.601422424,0.00711212,0.120901334,0.015164731,0.138576917,0.037651016,0.079171458
沈阳市,2012,0.598211484,0.006903044,0.120436931,0.015374961,0.142087386,0.038176184,0.078810009
沈阳市,2013,0.596705333,0.006851207,0.12024091,0.015480918,0.143305776,0.038702688,0.078713169
沈阳市,2014,0.595175233,0.006802267,0.120134146,0.015278613,0.144987105,0.038928402,0.078694235
沈阳市,2015,0.593889181,0.006696756,0.119971056,0.015172669,0.146654486,0.039030795,0.078585056
沈阳市,2016,0.593208607,0.006696746,0.119813907,0.015068266,0.147439062,0.039292859,0.078480554
大连市,2009,0.314310088,0.066160036,0.281428252,0.059851736,0.135002235,0.029354791,0.113892862
大连市,2010,0.313204719,0.065650031,0.280727199,0.059243914,0.137855903,0.029646911,0.113671323
大连市,2011,0.31163775,0.065086005,0.279690416,0.058636711,0.141135141,0.030558805,0.113255171
大连市,2012,0.310599844,0.064679067,0.279301553,0.058032821,0.143941485,0.030950838,0.112494392
大连市,2013,0.309753353,0.064292124,0.278995823,0.057545172,0.146095667,0.031104292,0.112213569
大连市,2014,0.30917347,0.064146498,0.278860901,0.057399209,0.146748137,0.031651311,0.112020473
大连市,2015,0.309123381,0.063997619,0.278662747,0.056952672,0.147442328,0.031998809,0.111822444
大连市,2016,0.309024408,0.06394776,0.278612889,0.056754725,0.147839708,0.032097782,0.111722727
鞍山市,2009,0.330751531,0.042999871,0.447951154,0.020631251,0.098668416,0.018386788,0.040610989
鞍山市,2010,0.330052352,0.04292092,0.447524933,0.020628272,0.099957006,0.018384133,0.040532383
鞍山市,2011,0.329256178,0.042849217,0.447380049,0.020555508,0.100969853,0.018456855,0.040532339
鞍山市,2012,0.32848317,0.042779587,0.447267101,0.020702497,0.101701412,0.018602606,0.040463626
鞍山市,2013,0.32800106,0.042709947,0.447155222,0.020631251,0.102360324,0.01882113,0.040321066
鞍山市,2014,0.327300251,0.04242415,0.446608468,0.020415543,0.103959638,0.019039666,0.040252284
鞍山市,2015,0.326672814,0.04235452,0.446495924,0.020344288,0.104836126,0.019113835,0.040182494
鞍山市,2016,0.326406244,0.042284788,0.446456247,0.020345746,0.105206395,0.019115205,0.040185374
抚顺市,2009,0.167308817,0.005393531,0.726960367,0.015764544,0.041131121,0.013808756,0.029632863
抚顺市,2010,0.16680493,0.005394486,0.726852482,0.01570865,0.041790148,0.013811199,0.029638106
抚顺市,2011,0.16603433,0.005334922,0.726734628,0.015649104,0.042797633,0.013811224,0.029638159
抚顺市,2012,0.165204603,0.005334917,0.726615724,0.015767348,0.043686748,0.013811212,0.029579448
抚顺市,2013,0.164908368,0.005334912,0.726555505,0.015649077,0.044161516,0.013870772,0.029519849
抚顺市,2014,0.164611392,0.005334912,0.726496821,0.015649077,0.044517177,0.013870772,0.029519849
抚顺市,2015,0.164493134,0.005334912,0.726496821,0.015589503,0.044695007,0.013930346,0.029460276
抚顺市,2016,0.16413762,0.005275344,0.726319636,0.015589517,0.044813305,0.014404276,0.029460302
本溪市,2009,0.102579951,0.009447793,0.78777301,0.012942035,0.039381088,0.01182969,0.036046433
本溪市,2010,0.102103572,0.00936919,0.787693216,0.012942035,0.040095657,0.01182969,0.035966639
本溪市,2011,0.101627193,0.00936919,0.78753482,0.012624052,0.040968622,0.011909483,0.035966639
本溪市,2012,0.101142863,0.009368454,0.787234752,0.012543273,0.041679915,0.012066931,0.035963812
本溪市,2013,0.100754348,0.009369202,0.786899791,0.012544274,0.042397811,0.012067894,0.035966682
本溪市,2014,0.100611768,0.009290869,0.786865094,0.012467631,0.04272251,0.012069791,0.035972337
本溪市,2015,0.100365531,0.009290127,0.786643894,0.012466636,0.043115718,0.012228428,0.035889667
本溪市,2016,0.100047761,0.009290149,0.786486168,0.012466666,0.04327423,0.012545275,0.035889752
丹东市,2009,0.16350605,0.025447648,0.644474681,0.019271832,0.041609891,0.016074861,0.089615036
丹东市,2010,0.163140849,0.025445408,0.644330574,0.018963999,0.042438576,0.01616082,0.089519774
丹东市,2011,0.162746789,0.025402066,0.644286982,0.018919997,0.042920144,0.016248204,0.089475818
丹东市,2012,0.16186939,0.025364683,0.644149268,0.018837548,0.043282269,0.016822173,0.089674668
丹东市,2013,0.161745088,0.0253658,0.6441336,0.018706949,0.043547033,0.016954343,0.089547188
丹东市,2014,0.161563174,0.025364683,0.644061214,0.018706125,0.043807962,0.017129046,0.089367795
丹东市,2015,0.161314426,0.025322869,0.644074134,0.018576325,0.044162064,0.018050587,0.088499594
丹东市,2016,0.161146268,0.025324018,0.644059309,0.018533135,0.044382916,0.018094781,0.088459574
锦州市,2009,0.519369373,0.033331406,0.183151855,0.077479522,0.093840479,0.029477713,0.063349651
锦州市,2010,0.519034255,0.033335937,0.183108791,0.077219243,0.098316011,0.029481719,0.059504043
锦州市,2011,0.514690983,0.033164134,0.181762918,0.075042553,0.10070922,0.029381966,0.065248227
锦州市,2012,0.514152363,0.033101725,0.181719522,0.074984775,0.101398669,0.029453817,0.065189129
锦州市,2013,0.513953983,0.033110683,0.181565984,0.074802352,0.101898439,0.029461788,0.065206771
锦州市,2014,0.513482472,0.033047262,0.181455823,0.074744593,0.103061839,0.029532696,0.064675316
锦州市,2015,0.51297648,0.033049473,0.181333131,0.074614761,0.103811841,0.029602595,0.064611719
锦州市,2016,0.512738895,0.032979309,0.181252895,0.074677612,0.104075453,0.029668504,0.064607331
营口市,2009,0.227312426,0.120050056,0.377280489,0.022843533,0.150340502,0.027188031,0.074984963
营口市,2010,0.226307631,0.118991903,0.376970715,0.022605238,0.152528068,0.027946804,0.07464964
营口市,2011,0.223955779,0.117800074,0.375696767,0.022296544,0.154960981,0.029109996,0.076179859
营口市,2012,0.223282287,0.116903695,0.375604645,0.022166618,0.157027634,0.029225459,0.075789661
营口市,2013,0.222566538,0.116299376,0.375526227,0.022169336,0.158533142,0.029353517,0.075551865
营口市,2014,0.221892645,0.115403046,0.375310178,0.022041233,0.16035104,0.029717682,0.075284175
营口市,2015,0.221698525,0.115184472,0.37527844,0.021922206,0.161011171,0.029725025,0.075180162
营口市,2016,0.221506579,0.115088649,0.375247383,0.021927665,0.161298415,0.029856931,0.075074378
阜新市,2009,0.506445717,0.015806509,0.272591589,0.08039097,0.075338173,0.022414013,0.027013029
阜新市,2010,0.505636179,0.015807538,0.272285743,0.080266961,0.07618559,0.02286831,0.026949681
阜新市,2011,0.505021871,0.015743456,0.272043996,0.079623984,0.077680348,0.022934911,0.026951435
阜新市,2012,0.504406021,0.015744465,0.27186707,0.079564947,0.078398691,0.023065642,0.026953164
阜新市,2013,0.504178869,0.015745475,0.271820362,0.079504931,0.078727377,0.023132242,0.026890745
阜新市,2014,0.503565244,0.01575261,0.271749055,0.079475808,0.079152004,0.02340235,0.02690293
阜新市,2015,0.503306107,0.015687476,0.27161902,0.079411708,0.079346558,0.023726177,0.026902956
阜新市,2016,0.503241446,0.015687491,0.271619284,0.079281485,0.079541112,0.023791349,0.026837832
辽阳市,2009,0.401356807,0.015273621,0.369254626,0.019234155,0.123743904,0.017961353,0.053175534
辽阳市,2010,0.400366992,0.015273653,0.36911328,0.019234196,0.124592703,0.01838566,0.053033517
辽阳市,2011,0.398669919,0.015131523,0.36911328,0.019092066,0.126574035,0.01838566,0.053033517
辽阳市,2012,0.396973689,0.015131555,0.368971932,0.019092107,0.128129249,0.018525708,0.05317576
辽阳市,2013,0.395418743,0.015131555,0.368971932,0.018949977,0.129259926,0.019092107,0.05317576
辽阳市,2014,0.394767606,0.015133674,0.368883571,0.01895263,0.130126683,0.01909478,0.053041056
辽阳市,2015,0.394201127,0.014993646,0.368741421,0.01895263,0.130693162,0.019376959,0.053041056
辽阳市,2016,0.394398504,0.014995746,0.368793062,0.018673066,0.130993683,0.019379672,0.052766266
盘锦市,2009,0.392657551,0.000659368,0.01300709,0.010700536,0.10059195,0.029962982,0.452420524
盘锦市,2010,0.392328132,0.000659367,0.013007058,0.010372061,0.113598759,0.030622274,0.439412349
盘锦市,2011,0.391405079,0.000659476,0.012678238,0.010045274,0.117075484,0.031449834,0.436686616
盘锦市,2012,0.388011364,0.000659585,0.012517292,0.009221838,0.121870059,0.032114625,0.435605237
盘锦市,2013,0.386856752,0.000659583,0.012517262,0.009221815,0.123188925,0.032608615,0.434947048
盘锦市,2014,0.386489666,0.0006598,0.012521376,0.009061749,0.124875206,0.0327849,0.433607303
盘锦市,2015,0.387645614,0.000494235,0.012355869,0.008896226,0.126358528,0.03294816,0.43130137
盘锦市,2016,0.38909063,0.000494397,0.012359931,0.008733527,0.128214509,0.033124615,0.42798239
铁岭市,2009,0.518323397,0.009432496,0.334467037,0.015205648,0.066388537,0.021700153,0.034482732
铁岭市,2010,0.516313592,0.009432503,0.334260863,0.015102057,0.068192361,0.022164064,0.03453456
铁岭市,2011,0.515282577,0.009432496,0.334209576,0.014587123,0.069481159,0.022266876,0.034740193
铁岭市,2012,0.514406216,0.009432503,0.334209835,0.014587135,0.070047936,0.022369723,0.034946652
铁岭市,2013,0.513918563,0.009485764,0.334209454,0.014434724,0.070368025,0.02257963,0.035003839
铁岭市,2014,0.513251256,0.009435903,0.33422665,0.014437705,0.070898437,0.0227908,0.034959248
铁岭市,2015,0.5131218,0.009435414,0.334158288,0.014436957,0.071152304,0.022840663,0.034854575
铁岭市,2016,0.512812442,0.009435414,0.33410647,0.014436957,0.071306983,0.023047159,0.034854575
朝阳市,2009,0.281725677,0.042153128,0.30038464,0.281725677,0.053491616,0.01821666,0.022302602
朝阳市,2010,0.281276536,0.042065309,0.299873906,0.281447182,0.054361543,0.018563139,0.022412385
朝阳市,2011,0.28094969,0.042004483,0.299788853,0.281324255,0.054813806,0.018702726,0.022416188
朝阳市,2012,0.281061657,0.041971704,0.299662828,0.281129623,0.055053846,0.018737614,0.022382728
朝阳市,2013,0.28096355,0.041909456,0.299601502,0.28096355,0.055402257,0.018773903,0.022385783
朝阳市,2014,0.280768584,0.041842893,0.29944141,0.280700607,0.05571079,0.019183423,0.022352294
朝阳市,2015,0.280753792,0.041811469,0.299359385,0.280549335,0.055953253,0.019218964,0.022353802
朝阳市,2016,0.280636539,0.041780084,0.299345641,0.280500054,0.056161557,0.019254529,0.022321595
葫芦岛市,2009,0.285188334,0.069341866,0.354917948,0.157684333,0.069988435,0.018934683,0.043944401
葫芦岛市,2010,0.284837309,0.069156909,0.35464087,0.15744581,0.071483694,0.019002081,0.043433327
葫芦岛市,2011,0.284606523,0.069052687,0.354240568,0.156707849,0.072540833,0.019055933,0.043795606
葫芦岛市,2012,0.283979651,0.068863372,0.354004845,0.156266473,0.073837209,0.019702519,0.04334593
葫芦岛市,2013,0.282650862,0.068530963,0.353120531,0.155922886,0.074344173,0.019764914,0.045665671
葫芦岛市,2014,0.282568301,0.068526448,0.352967448,0.155912614,0.074597946,0.019828522,0.045598721
葫芦岛市,2015,0.28234601,0.06847133,0.352884067,0.155803838,0.074995131,0.019959944,0.045539679
葫芦岛市,2016,0.282188863,0.068415294,0.352801005,0.155759143,0.075198681,0.020091421,0.045545593
长春市,2009,0.722602337,0.000724611,0.084299399,0.008001841,0.101817505,0.031645307,0.050908999
长春市,2010,0.721102549,0.000724659,0.084238787,0.007903576,0.103602549,0.031647402,0.050780478
长春市,2011,0.718562605,0.000724754,0.084019635,0.007673899,0.106580394,0.031816075,0.050622637
长春市,2012,0.716379448,0.000691677,0.083890504,0.007608444,0.108889676,0.03201475,0.050525501
长春市,2013,0.71516544,0.000691586,0.08381378,0.007541743,0.110225442,0.032109342,0.050452668
长春市,2014,0.714421821,0.000691471,0.083733728,0.007342932,0.111261204,0.032137121,0.050411722
长春市,2015,0.714130541,0.00069154,0.083643292,0.00731057,0.111667472,0.032172929,0.050383657
长春市,2016,0.713335497,0.000691632,0.083588619,0.007311534,0.112406438,0.032309076,0.050357203
吉林市,2009,0.338415598,0.003473898,0.56578695,0.001736949,0.038285255,0.012231017,0.040070332
吉林市,2010,0.336572866,0.003456993,0.566918178,0.001716348,0.038656817,0.01225704,0.040421758
吉林市,2011,0.336538887,0.003431234,0.566399281,0.001691514,0.039191886,0.012371215,0.040375982
吉林市,2012,0.336023624,0.003407113,0.566257475,0.001667311,0.039870472,0.012420377,0.040353629
吉林市,2013,0.335693361,0.003407197,0.566198938,0.001643066,0.040209637,0.012493177,0.040354624
吉林市,2014,0.335500166,0.003407197,0.566150368,0.001643066,0.040451403,0.012493177,0.040354624
吉林市,2015,0.335194046,0.00340728,0.566091622,0.001643106,0.040790576,0.012541689,0.040331681
吉林市,2016,0.334944499,0.003383157,0.565949992,0.001619261,0.04093754,0.012735503,0.040430048
四平市,2009,0.688658911,0.003772464,0.152605462,0.011695133,0.080594059,0.030889213,0.031784758
四平市,2010,0.687962584,0.003771749,0.152529858,0.011598852,0.080861682,0.030835973,0.032439302
四平市,2011,0.687538516,0.003722261,0.152367491,0.011401413,0.08155477,0.030954064,0.032461484
四平市,2012,0.68708534,0.003722617,0.152334675,0.011402501,0.081939266,0.031051019,0.032464581
四平市,2013,0.685903918,0.003722085,0.152030257,0.011354233,0.082398925,0.031847962,0.032742619
四平市,2014,0.685571213,0.003721557,0.151962031,0.011305279,0.082858512,0.031890073,0.032691335
四平市,2015,0.685164797,0.003721909,0.151929075,0.01130635,0.083243,0.031940438,0.03269443
四平市,2016,0.684820093,0.003722083,0.151936161,0.011306877,0.083529555,0.031989275,0.032695955
辽源市,2009,0.506369265,0.004289068,0.37184851,0.004678983,0.062645731,0.01858531,0.031583134
辽源市,2010,0.506176716,0.004290741,0.371993556,0.004550135,0.062800839,0.018592559,0.031595453
辽源市,2011,0.505329156,0.004289059,0.371588492,0.004548352,0.063556059,0.018975188,0.031713694
辽源市,2012,0.504615241,0.00428962,0.371637036,0.004548947,0.064213654,0.018977667,0.031717837
辽源市,2013,0.50435493,0.004289611,0.371505673,0.004420249,0.064603494,0.019108268,0.031717775
辽源市,2014,0.503899173,0.004290163,0.371424783,0.004420818,0.064873118,0.019370087,0.031721857
辽源市,2015,0.503771454,0.004291285,0.371391176,0.004421974,0.065018813,0.01937515,0.031730148
